0.0
0.0
2.6134323378208516e-05
0.0
6.0215496699479446e-06
0.0
0.0
1.189172713424637e-16
0.0
-1.5094575340895488e-07
2.1556143672705807e-05
-1.216274888369372e-07
0.0
0.0
0.00016235929255231706
0.0
0.0
2.5455927487880047e-06
0.0
-4.9112224299717594e-08
-1.9412630030712046e-08
1.4053221341825416e-05
0.0
0.0
1.6313352296355094e-05
0.0
-4.319604655552715e-08
0.0
4.833432407480104e-06
1.3440549615986491e-05
0.0
0.0003725953195841931
1.2304106310775368e-16
0.0
0.0
0.01257948101140283
0.0
0.0
0.0
0.00013376066040816532
0.0
0.0
0.0
0.0
0.0
0.00019428637206393563
0.015287611528048244
-6.157606303521087e-08
0.000144430693488156
0.0
0.0
3.361643610675442e-05
0.0
0.0
0.0
0.0
0.0
0.0
0.0
3.843382135631569e-05
0.0
0.0
0.0
0.00010033509066818487
0.0
9.107570425688029e-05
0.00014437647319656905
6.194191206457219e-06
0.0
0.0
0.0
0.0
0.0
-4.0827775538578426e-08
0.0002162245833481978
-1.4076962878201591e-08
0.0
1.1820325209408401e-16
0.0
0.0
0.0
-2.5376796741744797e-08
0.0
0.0
0.0
0.0
0.0
0.02130578707443487
0.0
0.0
0.00879095066045529
0.00015415265477663676
0.004866859884981812
9.33207201976606e-05
6.175303972354435e-05
0.0
0.0
0.0
-8.455989367273338e-09
0.00015928770665726567
0.0
0.0
0.0
0.0
0.0
3.5778313889375004e-05
6.119866497519831e-08
0.0
7.289700538330727e-07
0.0
0.0
0.0002647392696328017
0.0
0.0
1.2329336937489428e-16
0.0
-1.24446367954478e-09
7.985867058746202e-05
9.523733123483665e-06
0.0
0.0002059673432482419
-1.3038575396808559e-16
0.0
0.0
0.0
0.0
0.0
0.0
8.16118286027951e-05
0.0
-1.1684990861557865e-16
0.0001008429567787522
0.0
0.0
0.0
2.6197265317949112e-05
0.0287144581782528
0.0
0.0
-5.017350134641347e-06
-1.2606226777918718e-16
3.152496267387694e-05
2.9536441946110658e-05
0.0
2.8241277028176426e-05
0.0
0.033781766576842516
0.0
0.0
0.0
0.0
0.0
2.8172970944528307e-05
0.0
0.0
0.0
0.0
0.0
0.0
-9.105575108185241e-08
0.0
0.0
8.927328342626376e-06
6.952029204665702e-05
0.0
0.0
0.0
0.0
7.094065355493272e-05
9.577926322220596e-07
0.0
0.00013819415168945991
0.0006582452457271125
0.0
0.0
-1.3035321025446752e-16
5.621440607621858e-05
0.0
0.0
0.0
-1.3922998343960827e-08
1.4606574322894772e-05
0.0
0.0
5.0303374242580166e-05
0.00016636143326835773
0.0
0.0
0.0
6.825050947090435e-05
5.18082030667668e-06
6.653690512808071e-05
0.008916104347081566
0.0
-1.2429215199832937e-07
0.0
0.0
0.0
0.0
-2.4825632638551623e-16
0.0
2.4019869301114777e-16
0.0
-9.113759641778571e-08
1.2760986061870843e-16
0.0
-1.1963646857211936e-10
0.0
8.655651606752334e-05
0.0
0.0
-5.256096752861159e-08
-4.948205940708483e-08
0.0
6.735478941664526e-05
0.0
0.00021543206387469272
0.0
-7.751487051541373e-09
0.0
0.0
-4.4727828761762193e-08
0.0
0.0
-1.079219735692132e-07
0.0
0.0
1.2667662997338098e-16
3.2434975595763946e-05
0.0
7.00164959652481e-05
0.0
0.0
0.0
-8.69643243433511e-08
1.2254987938588407e-16
6.305551109540954e-07
3.160627292422401e-05
5.2077359850092205e-05
0.0
0.0
4.593304226419714e-05
0.0
-1.153898845276454e-16
0.0
0.0
0.0
0.0
0.0
0.0
0.0001272313860882403
0.0
0.0
0.0
0.0
0.0
0.0
0.0
-4.65775448285883e-09
-1.1611119724863752e-16
3.571518752753669e-05
0.0
0.0
-4.078725462074332e-08
-1.1697835140644436e-08
0.0
0.0
3.693195067552153e-05
0.0
-8.886531360407248e-10
-4.76822308001136e-08
6.862955652819345e-05
0.0
0.0
2.1947348056290117e-05
-4.8499128797906126e-08
0.0
-6.741971798238031e-08
0.0
0.0
0.0
0.0
0.00014514257101373054
-1.3041147447205335e-16
0.0
0.0
7.313908619122943e-06
0.0
9.887489552626121e-05
0.00014156503524247337
0.0019455340698498746
0.0
0.0
0.0
2.3109010233671754e-05
0.0001905432059660928
0.00016593987979561381
0.0
-2.32633576879704e-16
4.839993216413303e-05
0.0
5.644189566848162e-05
0.0
0.0
0.0
0.0
0.0
0.00188668115846431
4.4838345829377625e-06
2.9253811930798578e-05
0.00011051471800405766
0.0
-4.687804053251487e-09
0.0002490234135491907
-2.9234248353865962e-08
0.0
0.0
0.0
1.3450610320709991e-05
0.0
7.539463915942016e-05
0.0
3.843525859011456e-05
-7.927438425749585e-08
-1.2125283811415862e-08
-3.290587642660846e-08
-2.9794390811595657e-08
9.128697676335097e-05
0.000674348089274747
6.578064499497458e-05
0.0
0.00013562147419638184
0.0
0.0
1.199862238449899e-16
-6.032578007079352e-08
5.172212870857092e-05
0.0
-3.8068415843600456e-08
0.0
0.0
7.305107072376032e-05
0.00015827220301515348
0.0
0.0
0.0
2.631966600320734e-05
0.0
0.0
0.0
0.00015641368035746933
0.0
2.662032471379445e-06
0.0
0.0
-1.8398157680196733e-08
0.0
0.00024516858438084215
1.2247398022897316e-16
0.0
-1.7063546638864393e-07
0.0
0.00013942275634705342
0.0
0.0
0.0
0.0
0.0
0.0
3.424498497811309e-05
3.138832810391634e-05
-5.24772071549548e-08
0.0
1.233005881034744e-16
8.798859547619212e-07
-3.121352819626267e-08
0.0
-3.0167408064122054e-08
-3.203495531268479e-09
1.1005700572916869e-05
0.0
0.0
3.590128537966954e-05
0.0
0.0
0.0
0.0
0.0
0.0
2.1600992881715613e-05
0.0
0.00042105471870052886
0.0
0.0
0.0
8.224587039250596e-08
0.0
0.0003756099677988638
7.578285558047078e-06
1.1322195281229312e-05
1.0199784398478096e-05
0.0
0.0
0.0
0.0
-1.4086446808180937e-16
0.0
-1.114235639626941e-08
6.058172476426699e-05
0.0
-7.38605082182032e-08
1.9723339259750762e-05
2.0438037518327756e-05
0.0
-4.8412229275722566e-08
0.0
-6.013207768651577e-08
0.0
0.0
-1.148039596172384e-16
-1.8223729566536264e-08
0.00018200790881223001
1.168449450449309e-16
0.0
0.00010179857067219266
0.0
0.0
0.0
0.0
0.0
5.737041911514196e-05
0.0
0.00011876196409507717
0.0
0.0003067608254916243
5.287210004179201e-06
0.005002543222462076
1.1983317957033624e-16
1.72255293082452e-05
0.00018957966856979045
0.0
-9.39757176901611e-08
0.0
0.0
0.0
0.0
0.0
0.0
0.0
0.0
0.0
0.0
0.0
0.0
0.0
-2.753898392548913e-08
0.00021821696912899016
0.0
0.0
0.0
0.0
0.0
5.104575123848229e-05
0.0
0.0
0.0
4.04723266589021e-05
0.0
0.0
8.939430587894345e-05
3.670553427575052e-05
0.0
0.00012086976394256143
0.00028120725431654244
0.0
0.0
0.0
0.0
0.0
0.0
0.0
0.00017838111338721083
0.0
0.0
0.0
0.0
0.0
7.292711152864233e-05
0.0
0.0
0.0
0.0
0.0
0.0
4.166811261572526e-05
6.372146761474598e-06
0.0
8.177207824594441e-07
0.0
0.0
4.043467078362353e-05
0.0
0.0
0.0
0.0
0.0
1.5436998044717843e-06
0.0
0.0
-4.3448217552528094e-08
0.0
0.0001245890017185083
0.00011335864176812166
0.00043310417894655925
1.6842488411260872e-07
2.881602541937754e-05
0.0
0.0
0.01617633729088264
0.0
0.012290440230909864
-7.2122017358542455e-09
0.0001323587974386542
4.545980297682707e-05
1.6316555316517458e-05
0.0
3.4020490944597255e-05
0.0
0.0
0.013355205727604402
4.1147451585726676e-05
2.3811828636404445e-06
0.0002380329642770792
0.0
0.0001769950054748813
0.0
1.9107827659766774e-05
0.0
0.0
0.0001218733230337481
0.0
0.0
0.00011300529343096391
0.0
-1.5207662548986092e-08
1.188771356684736e-16
-1.2585971984123954e-16
0.0
1.9918123686155275e-06
0.0
1.2729829103298937e-16
0.0
0.0
0.0
-1.4291663953907276e-08
0.0
0.0
0.0
0.0004056650547380469
2.8400791097812393e-05
0.014565485019392362
0.0
0.008289020047588245
0.00016233080217331042
0.0
3.644589268234236e-05
6.488558638774481e-05
4.726784153543808e-05
0.0
0.0
0.00031293546543456017
-2.6558415744548858e-09
4.0335834167983175e-05
3.7108790847183034e-05
3.524625999428774e-05
6.5206951132118485e-06
-1.238145711015189e-16
3.6665979620709986e-05
2.824640930103299e-05
0.0
0.0
0.0
0.0
0.0
0.000640249859598581
-1.206817132018075e-07
3.932227116974386e-05
1.2053070239295087e-16
1.1570588787164822e-05
1.7450104092183306e-06
0.0
0.0
6.444325864795218e-06
0.0
-9.925092340794588e-09
0.0
0.00030770066713508724
0.0
0.0
0.0
2.0422635185955136e-05
0.0
0.00015717704823742462
0.0
0.0
0.0
0.0
0.0
7.435550852527926e-05
-6.744039646572527e-08
0.000227153238549101
0.0
0.0
0.0
0.0
0.0
1.68963373950918e-05
0.0
-4.2576991803298874e-08
-6.797842210648534e-09
0.0
-3.164606768359911e-08
0.0
6.673617015188114e-05
0.0
5.1732724916260787e-05
0.0
0.0
0.0
-9.140879062256695e-08
0.0
-1.2165998184394646e-16
0.0
3.249801438869755e-06
8.686795120377431e-05
0.0
0.0
0.0
0.0
3.464993213163962e-06
0.0
0.0
0.0
0.0
0.0
1.1803823860439315e-05
0.0
0.0
3.576973710197311e-05
0.0006309373827192658
0.0
-2.6087780553012926e-08
-7.61521784032253e-09
-1.176589631532331e-16
0.0
5.7678436050285844e-05
5.0095310396996785e-06
0.0
0.0
8.34569584709975e-05
0.0
0.0
1.0649368090812223e-05
0.0
2.5529900495047886e-06
1.1754014796931513e-16
0.018908964081560398
0.0
-1.2750961821953487e-16
0.0
0.0
0.0
8.091352265645268e-05
4.9889968357291e-06
-1.5278670044453958e-08
0.00015890855893126933
0.0
0.0
-3.789854290329778e-08
1.321282403564741e-05
2.8360397345210663e-06
6.167485946501792e-05
0.0
0.0
2.9299038558354047e-06
0.00019771023216186143
0.0
0.0
0.014720629654582321
0.0
0.0
0.0
1.2952383182806902e-16
0.0
0.0
0.0
0.0
0.0
0.0
0.0
0.0
1.591524261454237e-05
0.00039914735565524525
0.0
2.3405546492508314e-05
2.6114562815992182e-06
2.1032533687412945e-05
0.0
-7.989936052980658e-08
0.0
0.0
0.0
4.7861582639974124e-05
9.834163935794813e-05
5.8936771426444845e-05
-3.692578703253486e-08
0.0
9.343731214975637e-05
3.857022744973014e-05
1.0446092910026006e-05
0.0
6.762205038601094e-05
-5.0564849472075514e-08
0.0
-1.268431829580984e-08
0.0
0.0
0.010658041765277073
0.0
0.011325285045899471
4.667168403594201e-05
9.755032061596718e-05
0.0
0.0
0.0
0.0
0.00011918672150604631
0.0
-1.0009793185280111e-07
0.0002746106719670824
-5.251859697432992e-08
-3.608199774421446e-09
7.583350115116083e-06
0.0
0.0
0.0
0.0
0.0
7.414928306826952e-05
0.0
-7.80445084927122e-08
2.47034302149837e-06
6.268960492422763e-05
-6.461468495654739e-08
-4.049734771417383e-08
-9.348352400498157e-08
0.0
-9.168962723265376e-08
0.0
0.0
0.004360160853650541
0.0
-1.2060212334378886e-16
-5.832525703537542e-08
0.0
0.0
0.0
0.0
0.0
1.579254276515276e-05
0.0
5.530359324936364e-05
0.0
0.0
0.0
3.70028775979956e-05
0.0
-7.599537471102772e-08
5.223200096229548e-05
0.0
0.0
0.0
0.00011111401446153622
0.0001702514734711223
9.57034458740874e-06
0.0
0.0
2.4274078111494427e-05
0.0
-2.5119916588310233e-08
0.00016280959132904878
0.0
0.00028782718190707067
-1.1468109630063003e-16
0.0
1.2444705272845825e-16
0.0
0.0
-1.2309490581843217e-07
8.789036267493454e-06
0.0
-1.2375105079135328e-16
0.0
0.0
4.3927261728221766e-05
0.0
0.0
0.013726147969931438
-1.1381851299846966e-08
5.425024612275926e-05
0.0
0.00409712869636847
9.167382131450418e-06
0.0
-2.7786774459111994e-08
0.0
5.06700124283429e-06
2.503625853954546e-06
0.0
0.0
0.00013485871391379325
0.0
0.0
0.0
0.00016523754655961944
0.0
0.00010355161596165829
-2.8924193542134958e-08
0.0
0.0
0.0
0.0
0.00017302574027530312
7.28346862014198e-05
0.0
7.214458759285726e-05
1.6340099251800788e-05
-5.594068106610753e-09
0.0
3.4537557133609657e-06
0.00010163626487032591
0.00010504404889409978
0.0
0.0
0.0
0.0004887901633251901
3.206357983101699e-05
0.0
0.0
7.82129413239756e-06
0.0
0.0
0.0
0.0
0.0
0.0
0.0
0.0
-7.419725081721731e-08
-2.318707036201842e-08
0.0003919768868544336
-1.2168560220499133e-16
0.0
4.6888638131524065e-05
0.0
-8.094672280049354e-09
1.5960793416844602e-06
0.0
-2.445384839993442e-16
1.3669877177563942e-05
0.0
0.0
-9.642374324416905e-08
-5.0068685604099986e-08
-9.752455632740612e-08
0.0
0.0
0.0
1.1295794771160211e-05
0.0
0.0
0.0
0.0
1.7464266742635413e-05
3.880285566080542e-05
3.5729054661369496e-05
1.4967571457227653e-05
-1.6158019501292367e-07
-1.1967136838939546e-16
0.0
-4.0693790025282285e-08
0.0
0.0
0.02538015748293943
-1.1044971418132624e-07
0.0
0.0
0.0003105627061649086
0.0
0.0
0.0
0.00042569736441424693
-5.6727836445991643e-08
0.0
-1.0145774841874092e-07
0.0
0.0
0.0
0.0
0.0
0.018410865714049065
0.0002248237298977073
0.017772442259649142
0.0
0.0
0.0
-9.985090728211559e-08
0.0
0.0
-6.481658639616337e-08
0.0
-1.683652170889392e-08
0.0
-3.4140008172518816e-08
0.0
5.513668892093849e-05
-6.395836275141852e-08
-4.245086267508573e-08
0.0
2.7247227206998704e-16
2.489268374863091e-16
0.00015010152869026914
0.0
0.00032248075493396375
0.0
1.1475665001079031e-16
0.0
0.0001350969025548103
0.0002470503585028943
0.0
0.00022394764789246695
0.0
1.3243209993381955e-05
-5.734013084194758e-08
0.0
0.0007307023979878647
0.0
0.0
0.0
0.0
0.0
0.0
0.0
0.0
0.0
0.0
0.0
0.0
0.0
4.7218030454409645e-05
0.0
7.246067826509618e-05
0.0
0.0
7.699751911186072e-05
0.0
0.0
0.0
0.0
0.0
-2.886206580612452e-08
5.33232476736646e-05
-1.279574470890225e-16
0.0
1.2510546904838625e-16
9.04263934590736e-05
0.0
0.0
0.0
0.0
7.796103363038364e-05
8.682556946642543e-07
0.0
0.0
0.0
6.716184028551916e-05
0.0
0.0001316769171869657
0.0
-4.0956224050019757e-07
7.616285388412605e-05
3.099671438487904e-06
-7.254465760416673e-08
0.0
0.0
8.108917253750278e-05
0.0
0.0
0.0
0.0